Date,Facebook,Twitter,YouTube,Pinterest,Instagram,Reddit,Tumblr,LinkedIn,VKontakte,Vimeo,StumbleUpon,Other
2021-02,76.28,17.28,4.64,1.18,0.3,0.16,0.09,0.04,0.01,0,0.01,0.01
2021-03,72.29,16.06,9.77,1.24,0.31,0.16,0.1,0.05,0.02,0,0.01,0
2021-04,71.41,15.25,11.84,0.79,0.37,0.15,0.11,0.06,0.01,0,0.01,0.01
2021-05,67,16.96,14.47,0.84,0.38,0.16,0.12,0.05,0.01,0,0.01,0.01
2021-06,59.86,29.07,8.51,1.08,0.91,0.23,0.23,0.07,0.02,0,0.02,0
2021-07,73.07,18.67,6.43,0.8,0.5,0.18,0.24,0.06,0.02,0.02,0.01,0.01
2021-08,59.18,26.66,10.41,2.26,0.55,0.26,0.54,0.09,0.03,0,0.01,0.01
2021-09,69.22,22.8,5.26,1.25,0.67,0.32,0.28,0.11,0.03,0.04,0.01,0
2021-10,60.66,31.5,3.68,2.18,0.95,0.47,0.29,0.13,0.05,0.07,0.02,0.01
2021-11,82.04,11.35,3.85,1.27,0.78,0.44,0.11,0.07,0.04,0.02,0.01,0.01
2021-12,68.13,17.9,8.11,2.61,1.77,0.72,0.33,0.23,0.1,0.07,0.02,0.01
2022-01,43.4,22.05,23.65,5.14,2.9,1.53,0.56,0.31,0.12,0.29,0.03,0.02
2022-02,28.91,20,42.91,4.16,2.36,0.94,0.34,0.09,0.09,0.19,0,0.02
